2011 01 01 23 57
2011 01 03 08 17
2011 01 03 20 35
2011 01 05 05 36
2011 01 06 05 09
2011 01 09 09 30
2011 01 10 06 35
2011 01 10 06 54
2011 01 10 21 46
2011 01 10 21 52
2011 01 10 23 40
2011 01 11 18 13
2011 01 11 20 35
2011 01 12 10 28
2011 01 12 23 34
2011 01 14 17 23
2011 01 16 23 01
2011 01 17 10 41
2011 01 17 23 58
2011 01 20 01 07
2011 01 20 02 13
2011 01 20 03 21
2011 01 21 01 09
2011 01 21 16 36
2011 01 22 16 15
2011 01 22 20 52
2011 01 23 04 38
2011 01 26 00 28
2011 01 26 19 38
2011 01 27 04 53
2011 02 01 11 23
2011 02 01 13 00
2011 02 01 13 26
2011 02 02 08 55
2011 02 02 13 34
2011 02 02 23 34
2011 02 03 02 04
2011 02 03 05 25
2011 02 03 21 31
2011 02 04 21 42
2011 02 06 05 58
2011 02 07 20 53
2011 02 10 14 41
2011 02 11 21 28
2011 02 11 23 28
2011 02 13 04 38
2011 02 13 11 32
2011 02 14 14 16
2011 02 14 14 26
2011 02 14 19 25
2011 02 15 10 30
2011 02 15 18 03
2011 02 15 20 52
2011 02 16 05 08
2011 02 17 21 16
2011 02 18 15 50
2011 02 21 07 04
2011 02 21 14 59
2011 02 22 05 09
2011 02 22 21 46
2011 02 23 10 07
2011 02 23 22 38
2011 02 24 12 18
2011 02 24 14 20
2011 02 24 15 48
2011 02 25 18 07
2011 02 26 04 40
2011 02 26 05 43
2011 02 26 14 45
2011 02 26 19 09
2011 02 26 20 32
2011 02 27 16 51
2011 02 28 06 03
2011 02 28 11 17
2011 02 28 14 03
2011 02 28 14 07
2011 03 01 04 48
2011 03 01 09 41
2011 03 01 14 17
2011 03 01 15 26
2011 03 02 06 14
2011 03 02 14 03
2011 03 02 20 32
2011 03 03 01 57
2011 03 04 08 55
2011 03 04 16 55
2011 03 05 08 47
2011 03 05 11 38
2011 03 06 23 41
2011 03 08 10 04
2011 03 09 13 55
2011 03 10 06 47
2011 03 10 17 49
2011 03 10 21 31
2011 03 11 00 38
2011 03 13 04 47
2011 03 13 13 47
2011 03 14 08 26
2011 03 15 02 14
2011 03 15 04 34
2011 03 15 06 25
2011 03 15 16 04
2011 03 16 08 47
2011 03 16 17 53
2011 03 17 00 29
2011 03 18 09 04
2011 03 18 15 06
2011 03 20 16 52
2011 03 21 19 28
2011 03 22 03 00
2011 03 22 11 58
2011 03 24 01 40
2011 03 24 07 36
2011 03 24 10 16
2011 03 25 00 04
2011 03 25 09 45
2011 03 26 06 23
2011 03 26 14 06
2011 03 26 16 47
2011 03 26 21 54
2011 03 28 16 39
2011 04 01 00 37
2011 04 01 13 37
2011 04 01 20 02
2011 04 01 23 02
2011 04 03 15 35
2011 04 04 11 30
2011 04 04 15 27
2011 04 04 18 26
2011 04 04 20 44
2011 04 05 13 31
2011 04 06 09 27
2011 04 07 03 43
2011 04 07 22 56
2011 04 08 14 12
2011 04 08 18 06
2011 04 08 20 19
2011 04 09 08 12
2011 04 09 09 45
2011 04 09 13 33
2011 04 09 19 56
2011 04 10 00 35
2011 04 10 21 06
2011 04 11 16 30
2011 04 13 10 40
2011 04 13 22 56
2011 04 14 02 50
2011 04 14 21 14
2011 04 15 20 04
2011 04 17 14 24
2011 04 18 04 33
2011 04 18 06 38
2011 04 20 03 50
2011 04 20 14 22
2011 04 20 17 43
2011 04 20 23 34
2011 04 21 05 08
2011 04 21 15 05
2011 04 22 17 28
2011 04 22 19 52
2011 04 24 16 22
2011 04 24 20 48
2011 04 24 23 41
2011 04 25 17 11
2011 04 26 03 08
2011 04 26 17 34
2011 04 26 23 55
2011 04 28 21 10
2011 05 01 07 47
2011 05 01 16 41
2011 05 02 00 08
2011 05 02 02 35
2011 05 02 12 31
2011 05 03 00 55
2011 05 03 04 18
2011 05 03 23 54
2011 05 04 08 37
2011 05 06 03 38
2011 05 08 02 49
2011 05 08 06 43
2011 05 09 07 44
2011 05 09 10 46
2011 05 09 19 21
2011 05 09 19 45
2011 05 10 17 55
2011 05 10 20 46
2011 05 11 17 55
2011 05 11 21 44
2011 05 12 16 21
2011 05 12 18 09
2011 05 13 22 01
2011 05 14 12 10
2011 05 16 20 06
2011 05 17 04 50
2011 05 19 05 30
2011 05 19 08 54
2011 05 20 04 34
2011 05 21 12 26
2011 05 21 22 18
2011 05 21 22 58
2011 05 22 04 28
2011 05 23 02 43
2011 05 24 02 55
2011 05 24 08 43
2011 05 25 22 12
2011 06 01 06 43
2011 06 01 19 29
2011 06 02 00 02
2011 06 02 05 13
2011 06 03 10 40
2011 06 03 19 59
2011 06 05 07 39
2011 06 06 06 23
2011 06 06 17 42
2011 06 07 03 15
2011 06 09 17 55
2011 06 09 19 11
2011 06 09 21 45
2011 06 10 11 39
2011 06 10 21 17
2011 06 11 12 34
2011 06 12 10 46
2011 06 12 17 43
2011 06 13 11 14
2011 06 14 04 51
2011 06 14 05 05
2011 06 14 10 25
2011 06 14 12 16
2011 06 14 12 46
2011 06 16 17 01
2011 06 16 17 27
2011 06 17 03 03
2011 06 17 06 07
2011 06 17 11 51
2011 06 18 21 27
2011 06 19 13 44
2011 06 19 15 44
2011 06 19 22 09
2011 06 20 13 55
2011 06 21 20 32
2011 06 22 03 41
2011 06 22 09 31
2011 06 22 10 55
2011 06 22 13 34
2011 06 22 17 34
2011 06 24 19 15
2011 06 26 00 08
2011 06 26 15 42
2011 06 28 02 59
2011 07 01 00 25
2011 07 01 08 08
2011 07 01 10 15
2011 07 01 17 52
2011 07 01 19 12
2011 07 02 03 42
2011 07 02 14 16
2011 07 03 11 38
2011 07 03 20 21
2011 07 04 02 40
2011 07 05 06 46
2011 07 07 03 23
2011 07 07 20 05
2011 07 09 23 23
2011 07 11 18 57
2011 07 11 19 14
2011 07 14 02 49
2011 07 14 22 27
2011 07 15 14 23
2011 07 16 10 42
2011 07 17 19 14
2011 07 18 01 53
2011 07 19 05 19
2011 07 20 03 15
2011 07 20 08 39
2011 07 20 17 35
2011 07 22 16 21
2011 07 23 08 44
2011 07 23 17 18
2011 07 23 18 41
2011 07 24 01 22
2011 07 24 06 27
2011 07 24 22 33
2011 07 25 01 26
2011 07 25 04 49
2011 07 25 12 43
2011 07 26 14 14
2011 07 26 19 24
2011 08 01 20 47
2011 08 04 01 46
2011 08 04 08 02
2011 08 05 03 17
2011 08 05 22 32
2011 08 06 11 04
2011 08 07 17 41
2011 08 08 03 52
2011 08 08 04 46
2011 08 08 23 45
2011 08 09 15 02
2011 08 09 18 55
2011 08 09 20 45
2011 08 10 07 05
2011 08 11 11 03
2011 08 12 23 28
2011 08 13 03 04
2011 08 13 04 27
2011 08 13 12 16
2011 08 14 05 46
2011 08 15 02 36
2011 08 16 22 41
2011 08 17 21 11
2011 08 18 10 18
2011 08 18 23 49
2011 08 18 23 52
2011 08 20 01 21
2011 08 20 10 48
2011 08 20 20 19
2011 08 21 12 50
2011 08 22 05 44
2011 08 23 02 16
2011 08 24 05 41
2011 08 24 06 30
2011 08 24 15 09
2011 08 25 15 28
2011 08 26 20 31
2011 08 26 23 03
2011 08 27 06 35
2011 08 27 08 23
2011 08 28 13 57
2011 09 01 16 13
2011 09 02 04 21
2011 09 03 02 04
2011 09 03 23 36
2011 09 04 13 41
2011 09 05 00 01
2011 09 05 02 38
2011 09 05 05 19
2011 09 05 10 13
2011 09 05 18 34
2011 09 06 18 50
2011 09 07 10 13
2011 09 07 20 56
2011 09 09 17 01
2011 09 10 13 40
2011 09 10 18 40
2011 09 11 10 02
2011 09 11 22 22
2011 09 14 09 36
2011 09 15 09 51
2011 09 15 19 16
2011 09 16 03 26
2011 09 17 07 20
2011 09 17 22 09
2011 09 18 02 15
2011 09 18 11 02
2011 09 19 11 57
2011 09 20 17 49
2011 09 21 00 56
2011 09 21 14 15
2011 09 21 14 58
2011 09 21 15 08
2011 09 22 16 50
2011 09 23 11 37
2011 09 23 13 26
2011 09 23 14 39
2011 09 24 06 31
2011 09 28 05 34
2011 09 28 06 32
2011 09 28 13 02
2011 10 01 04 48
2011 10 01 15 48
2011 10 01 17 36
2011 10 02 03 37
2011 10 03 06 10
2011 10 03 10 37
2011 10 03 22 50
2011 10 05 00 49
2011 10 05 17 48
2011 10 06 08 02
2011 10 07 08 31
2011 10 08 21 02
2011 10 09 06 35
2011 10 10 20 03
2011 10 13 19 41
2011 10 14 03 03
2011 10 14 04 49
2011 10 14 05 22
2011 10 14 23 23
2011 10 16 02 02
2011 10 16 21 40
2011 10 17 02 23
2011 10 18 01 12
2011 10 18 01 24
2011 10 18 07 53
2011 10 19 01 31
2011 10 19 03 15
2011 10 19 10 52
2011 10 19 15 04
2011 10 20 00 47
2011 10 21 05 26
2011 10 21 18 23
2011 10 22 02 51
2011 10 22 05 29
2011 10 22 21 17
2011 10 23 00 53
2011 10 23 23 15
2011 10 24 19 31
2011 10 25 09 13
2011 10 25 15 33
2011 10 25 18 03
2011 10 26 08 23
2011 10 26 22 42
2011 10 27 07 04
2011 10 27 08 43
2011 10 27 20 23
2011 11 01 01 29
2011 11 01 11 41
2011 11 02 05 35
2011 11 02 07 11
2011 11 02 07 35
2011 11 02 18 25
2011 11 02 19 15
2011 11 03 01 03
2011 11 03 03 49
2011 11 03 16 32
2011 11 04 18 42
2011 11 04 20 14
2011 11 05 01 55
2011 11 05 05 14
2011 11 06 08 34
2011 11 07 05 41
2011 11 07 19 31
2011 11 09 06 05
2011 11 10 00 53
2011 11 11 11 29
2011 11 11 16 06
2011 11 11 22 19
2011 11 12 13 26
2011 11 12 22 54
2011 11 13 21 19
2011 11 14 22 36
2011 11 15 08 40
2011 11 17 02 56
2011 11 18 02 29
2011 11 18 07 59
2011 11 18 22 58
2011 11 20 00 12
2011 11 20 19 33
2011 11 20 23 35
2011 11 22 16 58
2011 11 22 22 27
2011 11 23 08 12
2011 11 24 05 34
2011 11 24 14 42
2011 11 24 21 18
2011 11 25 18 08
2011 11 25 18 53
2011 11 26 22 42
2011 11 27 01 53
2011 11 27 04 26
2011 12 02 17 50
2011 12 03 02 57
2011 12 03 11 43
2011 12 04 11 44
2011 12 05 01 37
2011 12 05 04 43
2011 12 05 09 25
2011 12 05 12 25
2011 12 05 20 44
2011 12 06 04 36
2011 12 06 20 09
2011 12 06 20 14
2011 12 07 02 45
2011 12 07 07 19
2011 12 08 00 12
2011 12 08 14 01
2011 12 08 20 54
2011 12 09 00 54
2011 12 09 14 42
2011 12 10 11 23
2011 12 10 22 23
2011 12 11 09 14
2011 12 11 15 38
2011 12 12 02 13
2011 12 12 06 53
2011 12 12 17 09
2011 12 13 07 49
2011 12 15 12 41
2011 12 16 00 28
2011 12 16 03 34
2011 12 16 17 13
2011 12 17 01 01
2011 12 18 04 35
2011 12 18 11 27
2011 12 20 19 37
2011 12 22 23 20
2011 12 24 19 32
2011 12 25 06 33
2011 12 26 15 12
2011 12 26 18 50
2011 12 27 06 43
