2011 01 01 00 35
2011 01 01 04 46
2011 01 01 10 01
2011 01 01 10 32
2011 01 01 14 10
2011 01 01 15 07
2011 01 01 18 17
2011 01 01 19 00
2011 01 01 20 41
2011 01 01 23 26
2011 01 02 01 20
2011 01 02 08 22
2011 01 02 08 44
2011 01 02 11 05
2011 01 02 12 04
2011 01 02 13 07
2011 01 02 13 40
2011 01 02 15 30
2011 01 03 07 21
2011 01 03 12 38
2011 01 03 14 02
2011 01 03 16 04
2011 01 03 19 04
2011 01 03 22 18
2011 01 03 22 41
2011 01 04 00 06
2011 01 04 02 49
2011 01 04 05 29
2011 01 04 07 03
2011 01 04 13 20
2011 01 04 13 35
2011 01 04 19 04
2011 01 04 22 52
2011 01 04 23 14
2011 01 04 23 47
2011 01 05 00 12
2011 01 05 13 14
2011 01 05 13 30
2011 01 05 23 02
2011 01 05 23 28
2011 01 06 01 03
2011 01 06 06 20
2011 01 06 07 27
2011 01 06 07 56
2011 01 06 09 24
2011 01 06 15 46
2011 01 06 18 47
2011 01 06 20 27
2011 01 07 03 56
2011 01 07 05 30
2011 01 07 06 04
2011 01 07 09 51
2011 01 07 13 19
2011 01 07 23 58
2011 01 08 08 38
2011 01 08 11 07
2011 01 08 13 00
2011 01 09 01 41
2011 01 09 06 42
2011 01 09 10 18
2011 01 09 21 55
2011 01 10 03 58
2011 01 10 08 46
2011 01 10 10 53
2011 01 10 18 59
2011 01 11 01 56
2011 01 11 06 11
2011 01 11 12 55
2011 01 11 16 03
2011 01 11 20 10
2011 01 12 04 57
2011 01 12 08 07
2011 01 12 08 10
2011 01 12 13 18
2011 01 12 13 45
2011 01 12 14 27
2011 01 12 18 02
2011 01 12 19 48
2011 01 13 08 15
2011 01 13 13 37
2011 01 13 16 16
2011 01 13 18 42
2011 01 13 23 26
2011 01 13 23 56
2011 01 14 06 50
2011 01 14 11 58
2011 01 14 16 31
2011 01 14 17 51
2011 01 14 23 39
2011 01 15 01 34
2011 01 15 03 20
2011 01 15 07 50
2011 01 15 08 18
2011 01 15 13 07
2011 01 15 22 09
2011 01 15 22 32
2011 01 15 23 09
2011 01 16 00 30
2011 01 16 02 35
2011 01 16 15 26
2011 01 16 16 57
2011 01 16 20 07
2011 01 16 23 23
2011 01 17 02 22
2011 01 17 04 10
2011 01 17 15 28
2011 01 17 16 13
2011 01 17 18 00
2011 01 17 19 09
2011 01 17 22 34
2011 01 18 01 31
2011 01 18 03 35
2011 01 18 05 39
2011 01 18 16 27
2011 01 18 23 30
2011 01 19 01 36
2011 01 19 02 01
2011 01 19 06 26
2011 01 19 08 58
2011 01 19 15 26
2011 01 19 21 45
2011 01 19 23 20
2011 01 20 07 14
2011 01 20 16 07
2011 01 20 21 39
2011 01 20 22 15
2011 01 21 00 18
2011 01 21 01 03
2011 01 21 02 13
2011 01 21 05 23
2011 01 21 05 39
2011 01 21 09 18
2011 01 21 09 55
2011 01 21 10 05
2011 01 21 10 35
2011 01 21 12 36
2011 01 22 04 39
2011 01 22 06 00
2011 01 22 12 11
2011 01 22 14 21
2011 01 22 18 52
2011 01 22 21 41
2011 01 23 01 09
2011 01 23 06 50
2011 01 23 14 25
2011 01 23 15 33
2011 01 23 19 43
2011 01 24 00 41
2011 01 24 19 30
2011 01 25 01 47
2011 01 25 11 59
2011 01 25 12 15
2011 01 25 12 20
2011 01 25 13 34
2011 01 25 16 46
2011 01 25 21 17
2011 01 25 22 23
2011 01 26 06 52
2011 01 26 13 16
2011 01 26 14 08
2011 01 26 19 19
2011 01 26 20 50
2011 01 26 20 57
2011 01 28 02 47
2011 01 28 15 33
2011 01 28 16 08
2011 01 28 21 58
2011 01 28 22 12
2011 01 28 22 17
2011 02 01 04 31
2011 02 01 06 51
2011 02 01 13 58
2011 02 01 15 10
2011 02 01 15 24
2011 02 01 19 36
2011 02 01 19 52
2011 02 02 02 19
2011 02 02 11 01
2011 02 02 16 02
2011 02 02 23 07
2011 02 03 01 50
2011 02 03 03 00
2011 02 03 07 06
2011 02 03 09 50
2011 02 03 14 14
2011 02 03 15 31
2011 02 03 18 28
2011 02 03 22 08
2011 02 05 08 04
2011 02 05 10 02
2011 02 05 15 15
2011 02 05 15 31
2011 02 05 21 08
2011 02 05 23 18
2011 02 06 04 49
2011 02 06 07 40
2011 02 06 18 57
2011 02 06 19 04
2011 02 07 04 21
2011 02 07 06 51
2011 02 07 07 30
2011 02 07 08 47
2011 02 07 09 10
2011 02 07 12 42
2011 02 07 16 59
2011 02 08 02 13
2011 02 08 15 06
2011 02 08 15 50
2011 02 08 18 05
2011 02 09 03 18
2011 02 09 03 57
2011 02 09 19 14
2011 02 09 21 04
2011 02 10 04 53
2011 02 10 17 30
2011 02 10 17 49
2011 02 11 06 54
2011 02 11 19 36
2011 02 12 06 44
2011 02 12 11 11
2011 02 12 14 42
2011 02 12 21 48
2011 02 13 12 28
2011 02 13 15 42
2011 02 13 18 43
2011 02 13 22 30
2011 02 13 22 40
2011 02 13 22 55
2011 02 13 23 59
2011 02 14 04 17
2011 02 14 05 04
2011 02 14 06 26
2011 02 14 07 43
2011 02 14 20 03
2011 02 14 21 40
2011 02 14 22 08
2011 02 15 02 06
2011 02 15 18 17
2011 02 15 20 24
2011 02 15 23 47
2011 02 16 00 55
2011 02 16 01 04
2011 02 16 02 57
2011 02 16 07 16
2011 02 16 10 45
2011 02 16 13 54
2011 02 16 19 30
2011 02 16 22 59
2011 02 17 14 09
2011 02 17 22 38
2011 02 18 01 25
2011 02 18 03 48
2011 02 18 07 34
2011 02 18 08 24
2011 02 18 19 57
2011 02 18 21 19
2011 02 19 04 16
2011 02 19 13 14
2011 02 19 13 39
2011 02 19 17 21
2011 02 19 19 53
2011 02 19 22 38
2011 02 19 23 13
2011 02 20 00 20
2011 02 20 02 09
2011 02 20 05 35
2011 02 20 10 14
2011 02 20 12 36
2011 02 20 20 16
2011 02 20 21 34
2011 02 20 22 22
2011 02 21 00 31
2011 02 21 01 10
2011 02 21 02 03
2011 02 21 04 16
2011 02 21 04 37
2011 02 21 07 03
2011 02 21 13 57
2011 02 21 14 38
2011 02 21 18 51
2011 02 21 19 10
2011 02 21 20 18
2011 02 21 21 24
2011 02 22 02 19
2011 02 22 03 08
2011 02 22 20 17
2011 02 22 23 25
2011 02 23 01 33
2011 02 23 22 05
2011 02 24 00 15
2011 02 24 01 16
2011 02 24 01 48
2011 02 24 03 21
2011 02 24 04 31
2011 02 24 06 30
2011 02 24 08 53
2011 02 24 10 06
2011 02 24 14 24
2011 02 24 15 07
2011 02 24 16 23
2011 02 24 17 21
2011 02 24 19 43
2011 02 24 20 03
2011 02 25 02 20
2011 02 25 04 41
2011 02 25 08 47
2011 02 25 10 45
2011 02 25 11 32
2011 02 25 12 50
2011 02 25 14 11
2011 02 25 15 06
2011 02 25 18 26
2011 02 26 06 20
2011 02 26 09 42
2011 02 26 10 05
2011 02 26 19 23
2011 02 27 01 01
2011 02 27 03 09
2011 02 27 11 23
2011 02 27 13 06
2011 02 27 15 09
2011 02 28 09 53
2011 02 28 10 23
2011 02 28 19 03
2011 03 01 02 19
2011 03 01 03 26
2011 03 01 07 23
2011 03 01 19 24
2011 03 02 07 48
2011 03 03 05 41
2011 03 03 06 22
2011 03 03 11 29
2011 03 03 20 23
2011 03 03 22 57
2011 03 04 13 06
2011 03 04 15 07
2011 03 04 16 02
2011 03 04 20 17
2011 03 05 06 07
2011 03 05 11 39
2011 03 05 16 12
2011 03 06 00 55
2011 03 06 04 56
2011 03 06 10 28
2011 03 06 11 21
2011 03 06 11 29
2011 03 06 17 07
2011 03 07 08 11
2011 03 07 10 41
2011 03 07 18 23
2011 03 07 19 12
2011 03 08 02 17
2011 03 08 02 58
2011 03 08 08 23
2011 03 08 09 22
2011 03 08 09 47
2011 03 08 12 09
2011 03 08 14 23
2011 03 08 17 31
2011 03 08 23 45
2011 03 09 01 23
2011 03 09 05 42
2011 03 09 08 14
2011 03 09 10 27
2011 03 09 11 20
2011 03 09 11 55
2011 03 09 16 12
2011 03 09 16 13
2011 03 09 18 28
2011 03 09 18 51
2011 03 09 19 25
2011 03 10 03 38
2011 03 10 05 05
2011 03 10 10 35
2011 03 10 16 09
2011 03 10 21 58
2011 03 10 23 28
2011 03 11 05 59
2011 03 11 09 08
2011 03 12 02 40
2011 03 12 03 06
2011 03 12 03 35
2011 03 12 09 39
2011 03 12 10 27
2011 03 12 11 00
2011 03 12 19 30
2011 03 12 22 52
2011 03 13 02 22
2011 03 13 03 57
2011 03 13 05 22
2011 03 13 06 51
2011 03 13 10 52
2011 03 13 14 02
2011 03 13 16 28
2011 03 13 17 51
2011 03 13 23 50
2011 03 14 00 38
2011 03 14 02 22
2011 03 14 03 31
2011 03 14 15 10
2011 03 15 00 29
2011 03 15 03 05
2011 03 15 06 28
2011 03 15 07 59
2011 03 15 09 05
2011 03 15 10 12
2011 03 15 12 23
2011 03 15 15 26
2011 03 15 21 40
2011 03 15 22 41
2011 03 15 23 49
2011 03 16 03 52
2011 03 16 15 25
2011 03 16 21 23
2011 03 16 22 30
2011 03 17 00 20
2011 03 17 15 08
2011 03 17 18 18
2011 03 17 18 19
2011 03 17 19 50
2011 03 17 22 51
2011 03 18 06 18
2011 03 18 06 23
2011 03 18 15 43
2011 03 18 16 13
2011 03 18 18 56
2011 03 18 22 02
2011 03 19 04 41
2011 03 19 05 32
2011 03 19 06 44
2011 03 19 11 38
2011 03 19 11 43
2011 03 19 13 31
2011 03 19 17 26
2011 03 19 23 22
2011 03 19 23 44
2011 03 20 00 47
2011 03 20 13 18
2011 03 20 15 23
2011 03 20 15 50
2011 03 20 16 23
2011 03 21 03 09
2011 03 21 07 40
2011 03 21 07 53
2011 03 21 11 03
2011 03 22 02 44
2011 03 22 22 08
2011 03 23 02 49
2011 03 23 04 34
2011 03 23 06 21
2011 03 23 10 36
2011 03 23 12 14
2011 03 23 12 26
2011 03 23 21 48
2011 03 24 04 45
2011 03 24 05 06
2011 03 24 09 06
2011 03 24 09 16
2011 03 24 09 43
2011 03 24 13 48
2011 03 24 15 22
2011 03 24 19 56
2011 03 24 22 22
2011 03 25 04 49
2011 03 25 08 53
2011 03 25 12 50
2011 03 25 16 26
2011 03 25 18 03
2011 03 25 18 04
2011 03 25 22 53
2011 03 26 02 42
2011 03 26 03 18
2011 03 26 20 41
2011 03 27 02 43
2011 03 27 03 17
2011 03 27 05 47
2011 03 27 11 48
2011 03 27 13 16
2011 03 27 14 53
2011 03 27 16 53
2011 03 27 18 08
2011 03 27 22 09
2011 03 28 10 49
2011 03 28 11 09
2011 03 28 12 08
2011 03 28 17 02
2011 03 28 21 08
2011 04 01 00 41
2011 04 01 02 17
2011 04 01 05 25
2011 04 01 06 37
2011 04 01 07 42
2011 04 01 08 10
2011 04 01 08 57
2011 04 01 14 13
2011 04 01 14 39
2011 04 01 17 00
2011 04 01 19 55
2011 04 01 22 33
2011 04 01 23 34
2011 04 02 10 21
2011 04 02 13 48
2011 04 02 23 04
2011 04 03 04 50
2011 04 03 07 59
2011 04 03 08 07
2011 04 03 08 59
2011 04 03 12 45
2011 04 03 13 34
2011 04 03 16 29
2011 04 03 17 23
2011 04 03 17 55
2011 04 03 18 37
2011 04 03 19 47
2011 04 03 21 53
2011 04 04 10 52
2011 04 04 16 34
2011 04 04 16 48
2011 04 04 18 18
2011 04 04 23 06
2011 04 05 07 30
2011 04 05 08 31
2011 04 05 08 36
2011 04 05 09 12
2011 04 05 18 05
2011 04 06 00 09
2011 04 06 12 48
2011 04 06 13 55
2011 04 06 17 54
2011 04 06 22 11
2011 04 07 12 36
2011 04 07 13 36
2011 04 07 13 48
2011 04 07 15 14
2011 04 07 18 54
2011 04 08 01 40
2011 04 08 11 40
2011 04 08 16 37
2011 04 08 21 36
2011 04 09 00 24
2011 04 09 12 02
2011 04 09 17 22
2011 04 09 17 59
2011 04 09 18 27
2011 04 09 23 39
2011 04 10 03 32
2011 04 10 10 51
2011 04 10 11 00
2011 04 10 16 38
2011 04 10 18 19
2011 04 10 18 36
2011 04 10 22 50
2011 04 11 00 03
2011 04 11 07 00
2011 04 11 21 06
2011 04 12 01 45
2011 04 12 09 15
2011 04 12 09 44
2011 04 12 11 29
2011 04 12 17 34
2011 04 12 22 34
2011 04 13 00 50
2011 04 13 15 58
2011 04 14 02 53
2011 04 14 08 41
2011 04 15 01 42
2011 04 15 04 44
2011 04 15 06 23
2011 04 15 09 17
2011 04 15 09 33
2011 04 15 09 46
2011 04 15 15 46
2011 04 15 16 04
2011 04 15 16 29
2011 04 15 18 36
2011 04 15 23 01
2011 04 15 23 46
2011 04 16 01 29
2011 04 16 06 43
2011 04 16 07 01
2011 04 16 08 45
2011 04 16 09 34
2011 04 16 14 48
2011 04 16 20 05
2011 04 17 05 34
2011 04 17 07 19
2011 04 17 09 14
2011 04 17 09 42
2011 04 17 12 40
2011 04 17 15 42
2011 04 17 22 43
2011 04 18 03 03
2011 04 18 03 15
2011 04 18 03 19
2011 04 18 14 03
2011 04 18 20 49
2011 04 19 01 08
2011 04 19 01 43
2011 04 19 04 23
2011 04 19 12 44
2011 04 19 14 11
2011 04 19 21 09
2011 04 19 23 44
2011 04 20 02 47
2011 04 20 07 52
2011 04 20 09 06
2011 04 20 10 44
2011 04 20 16 52
2011 04 21 03 53
2011 04 21 05 15
2011 04 21 13 45
2011 04 21 16 13
2011 04 22 00 48
2011 04 22 02 55
2011 04 22 09 43
2011 04 22 13 49
2011 04 22 17 27
2011 04 22 19 39
2011 04 22 22 52
2011 04 23 01 05
2011 04 23 05 12
2011 04 23 05 23
2011 04 23 08 12
2011 04 23 08 15
2011 04 23 15 46
2011 04 23 18 25
2011 04 23 19 09
2011 04 23 23 29
2011 04 24 00 23
2011 04 24 07 48
2011 04 24 08 07
2011 04 24 15 09
2011 04 25 04 39
2011 04 25 12 02
2011 04 25 13 09
2011 04 25 15 18
2011 04 25 15 28
2011 04 25 23 19
2011 04 26 07 29
2011 04 26 18 58
2011 04 27 01 05
2011 04 27 01 48
2011 04 27 06 24
2011 04 27 10 36
2011 04 27 15 05
2011 04 27 21 01
2011 04 27 21 54
2011 04 27 22 45
2011 04 27 22 51
2011 04 28 00 40
2011 04 28 03 48
2011 04 28 04 17
2011 04 28 04 29
2011 04 28 04 47
2011 04 28 05 37
2011 04 28 06 36
2011 04 28 10 10
2011 04 28 14 01
2011 04 28 16 05
2011 04 28 16 50
2011 04 28 22 46
2011 05 01 01 02
2011 05 01 10 01
2011 05 01 12 57
2011 05 01 13 31
2011 05 01 23 06
2011 05 02 02 03
2011 05 02 04 44
2011 05 02 10 38
2011 05 02 11 15
2011 05 02 16 54
2011 05 02 20 22
2011 05 02 20 50
2011 05 02 22 55
2011 05 03 02 07
2011 05 03 04 10
2011 05 03 08 24
2011 05 03 12 49
2011 05 03 12 59
2011 05 04 01 08
2011 05 04 06 56
2011 05 04 07 02
2011 05 04 07 35
2011 05 04 21 09
2011 05 04 21 43
2011 05 05 00 17
2011 05 05 06 44
2011 05 05 08 20
2011 05 05 09 18
2011 05 05 15 57
2011 05 05 20 03
2011 05 05 21 03
2011 05 05 23 34
2011 05 05 23 42
2011 05 05 23 50
2011 05 06 10 20
2011 05 06 21 25
2011 05 07 01 01
2011 05 07 07 56
2011 05 07 12 16
2011 05 07 15 35
2011 05 08 04 51
2011 05 08 05 53
2011 05 08 10 46
2011 05 09 00 00
2011 05 09 07 43
2011 05 09 11 15
2011 05 09 14 17
2011 05 09 17 22
2011 05 09 17 28
2011 05 09 21 56
2011 05 09 22 44
2011 05 10 03 05
2011 05 10 03 14
2011 05 10 15 33
2011 05 10 20 57
2011 05 10 21 23
2011 05 11 02 41
2011 05 11 02 41
2011 05 11 04 31
2011 05 11 08 40
2011 05 11 12 36
2011 05 11 14 28
2011 05 11 20 04
2011 05 12 00 29
2011 05 12 01 28
2011 05 12 08 42
2011 05 12 10 26
2011 05 12 18 11
2011 05 12 20 18
2011 05 12 23 13
2011 05 13 00 53
2011 05 13 09 04
2011 05 13 16 49
2011 05 13 18 48
2011 05 13 22 38
2011 05 13 22 59
2011 05 14 00 26
2011 05 14 02 23
2011 05 14 11 25
2011 05 14 13 15
2011 05 14 16 31
2011 05 15 00 19
2011 05 15 01 01
2011 05 15 02 44
2011 05 15 04 20
2011 05 15 05 34
2011 05 15 19 17
2011 05 16 00 48
2011 05 16 09 48
2011 05 16 20 36
2011 05 16 20 44
2011 05 16 21 17
2011 05 17 05 13
2011 05 17 05 36
2011 05 17 11 36
2011 05 17 17 15
2011 05 17 23 36
2011 05 18 02 11
2011 05 18 03 21
2011 05 18 06 15
2011 05 18 08 39
2011 05 18 08 59
2011 05 18 12 32
2011 05 18 13 35
2011 05 19 02 55
2011 05 19 07 26
2011 05 19 09 00
2011 05 19 09 25
2011 05 19 13 46
2011 05 19 15 52
2011 05 20 04 19
2011 05 20 04 49
2011 05 20 05 05
2011 05 20 08 27
2011 05 20 09 42
2011 05 20 10 09
2011 05 20 16 51
2011 05 20 20 41
2011 05 20 21 57
2011 05 20 22 42
2011 05 21 00 51
2011 05 21 01 15
2011 05 21 04 55
2011 05 21 06 57
2011 05 21 17 47
2011 05 21 23 34
2011 05 22 10 00
2011 05 22 13 57
2011 05 22 14 24
2011 05 22 15 04
2011 05 22 16 46
2011 05 22 20 33
2011 05 22 23 57
2011 05 23 10 18
2011 05 23 14 07
2011 05 23 14 58
2011 05 23 18 16
2011 05 23 23 09
2011 05 24 01 28
2011 05 24 14 20
2011 05 24 16 18
2011 05 24 19 08
2011 05 24 20 03
2011 05 24 20 07
2011 05 24 22 00
2011 05 25 05 17
2011 05 25 16 28
2011 05 25 22 05
2011 05 26 02 45
2011 05 26 08 20
2011 05 26 08 46
2011 05 26 17 33
2011 05 26 18 49
2011 05 26 19 22
2011 05 26 21 08
2011 05 26 21 34
2011 05 27 02 03
2011 05 27 11 10
2011 05 27 13 46
2011 05 27 15 44
2011 05 27 20 32
2011 05 27 21 06
2011 05 27 22 34
2011 05 28 01 26
2011 05 28 01 45
2011 05 28 02 34
2011 05 28 06 04
2011 05 28 14 14
2011 05 28 17 22
2011 05 28 23 46
2011 06 01 03 16
2011 06 01 08 02
2011 06 01 08 04
2011 06 01 17 47
2011 06 02 01 25
2011 06 02 08 47
2011 06 02 10 23
2011 06 02 15 07
2011 06 02 17 11
2011 06 02 19 38
2011 06 02 21 01
2011 06 02 23 34
2011 06 02 23 44
2011 06 03 00 29
2011 06 03 02 50
2011 06 03 05 22
2011 06 03 07 15
2011 06 03 20 26
2011 06 04 04 47
2011 06 04 07 48
2011 06 04 08 28
2011 06 04 12 29
2011 06 04 12 56
2011 06 04 17 17
2011 06 04 18 16
2011 06 05 04 59
2011 06 05 10 55
2011 06 05 11 57
2011 06 05 13 27
2011 06 05 13 34
2011 06 05 13 48
2011 06 05 16 02
2011 06 06 06 18
2011 06 06 12 47
2011 06 06 12 49
2011 06 06 13 25
2011 06 06 16 27
2011 06 06 19 01
2011 06 06 21 14
2011 06 06 22 16
2011 06 07 01 36
2011 06 07 03 24
2011 06 07 03 52
2011 06 07 16 38
2011 06 07 23 27
2011 06 08 00 58
2011 06 08 02 25
2011 06 08 13 40
2011 06 09 07 45
2011 06 09 11 11
2011 06 09 23 35
2011 06 10 02 24
2011 06 10 13 22
2011 06 10 20 22
2011 06 11 01 55
2011 06 11 02 17
2011 06 11 07 17
2011 06 11 07 48
2011 06 11 07 51
2011 06 11 12 34
2011 06 11 13 44
2011 06 11 22 27
2011 06 11 23 20
2011 06 11 23 56
2011 06 12 00 38
2011 06 12 02 09
2011 06 12 05 19
2011 06 12 10 57
2011 06 12 13 12
2011 06 13 04 51
2011 06 13 05 05
2011 06 13 13 06
2011 06 13 13 34
2011 06 13 14 04
2011 06 13 17 31
2011 06 13 23 46
2011 06 14 02 34
2011 06 14 04 56
2011 06 14 11 20
2011 06 14 19 09
2011 06 14 23 28
2011 06 15 03 10
2011 06 15 16 03
2011 06 15 17 39
2011 06 15 20 17
2011 06 15 22 03
2011 06 16 00 56
2011 06 16 03 32
2011 06 16 11 22
2011 06 17 06 34
2011 06 17 10 15
2011 06 17 13 45
2011 06 17 14 15
2011 06 17 16 43
2011 06 18 11 15
2011 06 18 15 47
2011 06 18 15 56
2011 06 18 15 59
2011 06 18 16 17
2011 06 18 17 36
2011 06 19 01 53
2011 06 19 05 10
2011 06 19 06 54
2011 06 19 08 09
2011 06 19 12 17
2011 06 19 14 28
2011 06 19 18 47
2011 06 19 19 12
2011 06 19 20 13
2011 06 20 01 17
2011 06 20 06 53
2011 06 20 13 01
2011 06 20 14 27
2011 06 20 23 47
2011 06 21 04 39
2011 06 21 06 58
2011 06 21 09 35
2011 06 21 11 57
2011 06 21 12 39
2011 06 22 06 21
2011 06 22 12 36
2011 06 22 13 44
2011 06 22 16 13
2011 06 22 16 43
2011 06 22 20 01
2011 06 23 00 10
2011 06 23 06 55
2011 06 23 12 36
2011 06 23 14 31
2011 06 24 22 25
2011 06 24 23 39
2011 06 25 02 08
2011 06 25 08 48
2011 06 25 09 58
2011 06 25 18 35
2011 06 25 21 02
2011 06 25 21 45
2011 06 26 01 15
2011 06 26 11 50
2011 06 26 16 38
2011 06 26 16 45
2011 06 26 23 34
2011 06 27 03 17
2011 06 27 06 10
2011 06 27 06 14
2011 06 27 07 42
2011 06 27 08 20
2011 06 27 10 12
2011 06 27 11 49
2011 06 27 12 18
2011 06 27 16 14
2011 06 27 16 27
2011 06 27 19 04
2011 06 27 20 44
2011 06 28 00 17
2011 06 28 04 07
2011 06 28 04 32
2011 06 28 05 53
2011 06 28 08 19
2011 06 28 09 25
2011 06 28 10 35
2011 06 28 14 51
2011 06 28 22 35
2011 07 01 00 33
2011 07 01 09 07
2011 07 01 12 25
2011 07 02 02 59
2011 07 02 07 55
2011 07 02 14 52
2011 07 02 15 16
2011 07 02 21 07
2011 07 03 11 20
2011 07 03 14 02
2011 07 03 18 02
2011 07 03 20 28
2011 07 04 02 41
2011 07 04 06 34
2011 07 04 10 39
2011 07 04 11 24
2011 07 04 13 00
2011 07 04 18 07
2011 07 04 18 41
2011 07 04 18 47
2011 07 05 07 59
2011 07 05 11 04
2011 07 05 12 42
2011 07 05 19 28
2011 07 05 22 03
2011 07 05 23 18
2011 07 06 00 54
2011 07 06 14 21
2011 07 06 15 23
2011 07 06 15 41
2011 07 06 17 09
2011 07 06 18 09
2011 07 07 00 21
2011 07 07 00 34
2011 07 07 03 11
2011 07 07 04 49
2011 07 07 07 17
2011 07 07 12 19
2011 07 07 12 45
2011 07 07 16 32
2011 07 07 18 50
2011 07 07 18 57
2011 07 07 19 47
2011 07 07 22 39
2011 07 07 23 27
2011 07 08 02 36
2011 07 08 02 53
2011 07 08 03 23
2011 07 08 16 07
2011 07 08 23 29
2011 07 09 03 22
2011 07 09 08 15
2011 07 09 10 11
2011 07 09 10 24
2011 07 09 13 45
2011 07 09 14 39
2011 07 09 16 42
2011 07 09 19 40
2011 07 09 21 41
2011 07 10 00 06
2011 07 10 06 04
2011 07 10 10 32
2011 07 10 12 07
2011 07 10 14 35
2011 07 10 17 23
2011 07 10 17 56
2011 07 10 20 42
2011 07 10 21 47
2011 07 11 06 39
2011 07 11 16 02
2011 07 11 20 47
2011 07 11 22 18
2011 07 12 14 23
2011 07 13 02 28
2011 07 13 06 29
2011 07 13 07 24
2011 07 13 10 59
2011 07 14 03 36
2011 07 14 05 20
2011 07 14 08 54
2011 07 14 09 51
2011 07 14 09 51
2011 07 14 15 38
2011 07 14 23 13
2011 07 15 05 23
2011 07 15 12 42
2011 07 15 18 04
2011 07 16 02 10
2011 07 16 03 12
2011 07 16 07 18
2011 07 16 12 41
2011 07 17 12 10
2011 07 18 13 28
2011 07 18 15 32
2011 07 18 19 12
2011 07 18 20 55
2011 07 19 04 44
2011 07 19 05 13
2011 07 19 08 33
2011 07 19 11 26
2011 07 19 13 26
2011 07 19 22 17
2011 07 19 23 39
2011 07 20 00 17
2011 07 20 02 11
2011 07 20 02 16
2011 07 20 07 49
2011 07 20 18 23
2011 07 20 23 12
2011 07 21 07 52
2011 07 21 09 35
2011 07 21 12 33
2011 07 21 15 10
2011 07 21 18 21
2011 07 21 19 51
2011 07 21 22 23
2011 07 21 23 14
2011 07 21 23 58
2011 07 22 05 35
2011 07 22 09 04
2011 07 22 14 12
2011 07 22 17 56
2011 07 22 22 03
2011 07 23 02 16
2011 07 23 02 41
2011 07 23 04 21
2011 07 23 04 51
2011 07 23 07 53
2011 07 23 08 05
2011 07 23 10 02
2011 07 23 17 20
2011 07 24 04 43
2011 07 24 09 04
2011 07 24 10 43
2011 07 24 13 49
2011 07 24 14 35
2011 07 25 16 17
2011 07 25 18 15
2011 07 25 18 40
2011 07 25 20 19
2011 07 26 01 23
2011 07 26 01 29
2011 07 26 03 21
2011 07 26 04 20
2011 07 26 06 39
2011 07 26 09 57
2011 07 26 15 47
2011 07 26 22 52
2011 07 27 05 16
2011 07 27 06 44
2011 07 27 08 08
2011 07 27 08 22
2011 07 27 13 51
2011 07 27 17 00
2011 07 27 18 23
2011 07 27 18 28
2011 07 27 19 20
2011 07 28 03 59
2011 07 28 06 49
2011 08 01 08 34
2011 08 01 10 33
2011 08 01 13 13
2011 08 01 17 16
2011 08 01 18 20
2011 08 01 20 24
2011 08 01 21 26
2011 08 02 00 11
2011 08 02 03 59
2011 08 02 07 43
2011 08 02 08 35
2011 08 02 08 55
2011 08 02 09 57
2011 08 02 13 37
2011 08 02 16 57
2011 08 02 19 27
2011 08 02 19 40
2011 08 03 01 56
2011 08 03 05 08
2011 08 03 14 54
2011 08 03 16 24
2011 08 03 21 54
2011 08 04 00 01
2011 08 04 00 23
2011 08 04 09 50
2011 08 04 14 44
2011 08 05 10 12
2011 08 05 12 18
2011 08 05 17 11
2011 08 06 00 34
2011 08 06 01 19
2011 08 06 03 58
2011 08 06 04 03
2011 08 06 05 27
2011 08 06 05 40
2011 08 06 13 59
2011 08 06 14 51
2011 08 06 15 17
2011 08 06 17 54
2011 08 07 09 31
2011 08 07 12 55
2011 08 07 15 56
2011 08 07 17 02
2011 08 07 17 03
2011 08 07 20 51
2011 08 07 21 28
2011 08 07 21 50
2011 08 08 04 37
2011 08 08 07 46
2011 08 08 11 03
2011 08 08 14 42
2011 08 08 16 39
2011 08 08 23 44
2011 08 09 03 05
2011 08 09 05 06
2011 08 09 13 15
2011 08 09 15 28
2011 08 09 16 26
2011 08 09 17 28
2011 08 09 19 37
2011 08 09 21 28
2011 08 10 01 26
2011 08 10 09 34
2011 08 10 10 00
2011 08 10 11 07
2011 08 10 13 17
2011 08 10 14 25
2011 08 11 09 46
2011 08 11 12 48
2011 08 11 14 14
2011 08 11 18 33
2011 08 12 01 45
2011 08 12 02 01
2011 08 12 16 01
2011 08 12 22 45
2011 08 13 01 44
2011 08 13 06 11
2011 08 13 06 12
2011 08 13 10 34
2011 08 13 12 25
2011 08 13 12 33
2011 08 13 13 41
2011 08 13 13 51
2011 08 13 17 06
2011 08 13 17 15
2011 08 13 18 50
2011 08 13 19 04
2011 08 13 19 33
2011 08 13 20 30
2011 08 13 21 32
2011 08 14 00 28
2011 08 14 02 06
2011 08 14 04 47
2011 08 14 08 11
2011 08 14 14 38
2011 08 14 17 41
2011 08 15 01 49
2011 08 15 03 14
2011 08 15 03 15
2011 08 15 05 44
2011 08 15 06 53
2011 08 15 07 34
2011 08 15 11 58
2011 08 15 20 06
2011 08 15 21 01
2011 08 16 09 37
2011 08 16 11 17
2011 08 16 14 18
2011 08 16 18 11
2011 08 16 19 29
2011 08 17 04 34
2011 08 17 04 38
2011 08 17 05 38
2011 08 17 11 17
2011 08 17 13 25
2011 08 18 03 41
2011 08 18 05 11
2011 08 18 16 03
2011 08 18 21 41
2011 08 19 06 33
2011 08 19 06 37
2011 08 19 09 22
2011 08 19 14 59
2011 08 19 23 36
2011 08 20 01 38
2011 08 20 07 58
2011 08 20 11 11
2011 08 20 18 41
2011 08 21 00 39
2011 08 21 03 21
2011 08 21 09 58
2011 08 21 12 58
2011 08 21 15 24
2011 08 21 17 46
2011 08 21 17 56
2011 08 21 21 48
2011 08 22 03 07
2011 08 22 03 50
2011 08 22 05 41
2011 08 22 06 23
2011 08 22 11 36
2011 08 23 09 26
2011 08 23 21 58
2011 08 23 22 56
2011 08 24 00 03
2011 08 24 01 44
2011 08 24 04 34
2011 08 24 05 38
2011 08 24 06 28
2011 08 24 08 08
2011 08 24 15 27
2011 08 24 23 36
2011 08 25 07 57
2011 08 25 09 11
2011 08 25 10 40
2011 08 25 12 51
2011 08 25 13 16
2011 08 25 17 11
2011 08 25 19 03
2011 08 25 22 14
2011 08 25 22 15
2011 08 25 22 19
2011 08 25 23 55
2011 08 26 00 34
2011 08 26 02 17
2011 08 26 06 20
2011 08 26 15 32
2011 08 26 18 32
2011 08 26 21 32
2011 08 26 21 34
2011 08 26 23 31
2011 08 27 04 06
2011 08 27 08 54
2011 08 27 09 08
2011 08 27 16 59
2011 08 27 17 14
2011 08 27 18 36
2011 08 28 01 26
2011 08 28 03 40
2011 08 28 09 22
2011 08 28 13 34
2011 08 28 16 27
2011 08 28 20 47
2011 09 01 03 02
2011 09 01 06 38
2011 09 01 08 59
2011 09 01 15 01
2011 09 01 16 37
2011 09 01 20 57
2011 09 02 01 56
2011 09 02 06 36
2011 09 02 08 47
2011 09 02 12 26
2011 09 03 07 22
2011 09 03 10 06
2011 09 03 10 42
2011 09 03 19 20
2011 09 03 21 40
2011 09 04 02 04
2011 09 04 06 07
2011 09 04 07 26
2011 09 04 10 27
2011 09 04 15 28
2011 09 04 17 17
2011 09 04 17 46
2011 09 04 19 17
2011 09 04 21 11
2011 09 05 02 36
2011 09 05 04 17
2011 09 05 08 03
2011 09 05 15 46
2011 09 05 17 58
2011 09 05 19 22
2011 09 05 20 45
2011 09 05 21 55
2011 09 06 02 00
2011 09 06 09 08
2011 09 06 09 52
2011 09 06 11 15
2011 09 06 11 43
2011 09 06 14 02
2011 09 06 16 41
2011 09 06 19 14
2011 09 06 21 22
2011 09 07 02 16
2011 09 07 08 46
2011 09 07 10 51
2011 09 07 12 42
2011 09 07 15 42
2011 09 07 17 30
2011 09 08 14 37
2011 09 08 19 16
2011 09 08 23 25
2011 09 09 02 18
2011 09 09 03 15
2011 09 09 05 31
2011 09 09 07 58
2011 09 09 08 49
2011 09 09 09 28
2011 09 09 14 33
2011 09 09 16 58
2011 09 09 20 26
2011 09 10 03 41
2011 09 10 09 25
2011 09 10 12 11
2011 09 10 12 43
2011 09 10 15 54
2011 09 10 21 07
2011 09 10 21 52
2011 09 10 22 42
2011 09 11 01 26
2011 09 11 14 40
2011 09 11 17 48
2011 09 11 22 00
2011 09 12 01 40
2011 09 12 04 26
2011 09 12 07 11
2011 09 12 15 55
2011 09 12 16 47
2011 09 12 18 51
2011 09 12 18 52
2011 09 13 03 42
2011 09 13 07 37
2011 09 13 15 30
2011 09 13 18 17
2011 09 13 22 03
2011 09 14 04 00
2011 09 14 06 37
2011 09 14 10 21
2011 09 14 10 37
2011 09 14 19 49
2011 09 15 06 35
2011 09 15 12 50
2011 09 15 13 27
2011 09 15 20 11
2011 09 15 21 16
2011 09 15 22 15
2011 09 15 22 47
2011 09 16 09 47
2011 09 16 10 16
2011 09 16 13 36
2011 09 16 19 04
2011 09 16 20 28
2011 09 16 21 48
2011 09 17 05 03
2011 09 17 05 58
2011 09 17 07 11
2011 09 17 16 22
2011 09 17 19 52
2011 09 18 01 24
2011 09 18 05 28
2011 09 18 06 12
2011 09 18 06 20
2011 09 18 08 46
2011 09 18 09 05
2011 09 18 10 35
2011 09 18 21 46
2011 09 18 23 26
2011 09 19 02 01
2011 09 19 04 22
2011 09 19 07 07
2011 09 19 20 17
2011 09 19 22 58
2011 09 20 01 51
2011 09 20 06 15
2011 09 20 16 07
2011 09 20 20 36
2011 09 21 13 27
2011 09 21 18 52
2011 09 21 22 26
2011 09 22 02 34
2011 09 22 04 28
2011 09 22 04 31
2011 09 22 07 52
2011 09 22 10 44
2011 09 22 11 40
2011 09 22 14 06
2011 09 22 15 18
2011 09 22 16 17
2011 09 22 22 47
2011 09 23 02 48
2011 09 23 16 03
2011 09 23 18 30
2011 09 24 05 56
2011 09 24 08 24
2011 09 24 08 58
2011 09 24 10 22
2011 09 24 11 59
2011 09 24 12 23
2011 09 24 13 59
2011 09 24 17 04
2011 09 25 01 37
2011 09 25 04 21
2011 09 25 12 11
2011 09 26 03 51
2011 09 26 06 06
2011 09 26 07 47
2011 09 26 10 08
2011 09 26 13 10
2011 09 26 13 36
2011 09 26 23 30
2011 09 27 04 52
2011 09 27 05 22
2011 09 27 10 24
2011 09 27 15 15
2011 09 28 00 05
2011 09 28 03 08
2011 09 28 03 30
2011 09 28 09 47
2011 09 28 09 51
2011 09 28 11 20
2011 09 28 12 33
2011 09 28 16 12
2011 09 28 18 06
2011 10 01 06 35
2011 10 01 17 59
2011 10 01 18 26
2011 10 02 03 28
2011 10 02 04 49
2011 10 02 13 35
2011 10 02 13 45
2011 10 02 17 45
2011 10 02 19 16
2011 10 03 02 23
2011 10 03 06 46
2011 10 03 09 42
2011 10 03 09 51
2011 10 03 13 08
2011 10 04 01 23
2011 10 04 01 37
2011 10 04 03 27
2011 10 04 11 29
2011 10 04 16 20
2011 10 04 17 03
2011 10 04 22 06
2011 10 05 03 29
2011 10 05 05 34
2011 10 05 10 09
2011 10 05 12 43
2011 10 05 14 21
2011 10 06 01 15
2011 10 06 01 51
2011 10 06 03 09
2011 10 06 05 05
2011 10 06 14 50
2011 10 06 16 25
2011 10 06 19 10
2011 10 06 22 53
2011 10 06 23 44
2011 10 06 23 54
2011 10 07 01 57
2011 10 07 11 30
2011 10 07 12 42
2011 10 07 13 08
2011 10 07 14 53
2011 10 08 02 17
2011 10 08 05 49
2011 10 08 18 23
2011 10 08 18 44
2011 10 08 21 17
2011 10 08 22 52
2011 10 09 00 18
2011 10 09 05 38
2011 10 09 05 54
2011 10 09 07 12
2011 10 09 12 04
2011 10 09 17 20
2011 10 09 19 23
2011 10 10 03 29
2011 10 10 05 10
2011 10 10 14 00
2011 10 10 18 45
2011 10 10 21 13
2011 10 11 01 07
2011 10 11 07 15
2011 10 11 09 51
2011 10 11 10 30
2011 10 11 16 21
2011 10 11 16 28
2011 10 11 19 54
2011 10 11 22 49
2011 10 12 05 09
2011 10 12 08 44
2011 10 12 08 48
2011 10 12 14 11
2011 10 13 10 47
2011 10 13 22 00
2011 10 14 01 20
2011 10 14 03 49
2011 10 14 10 45
2011 10 14 15 46
2011 10 14 16 07
2011 10 14 19 45
2011 10 14 22 27
2011 10 15 03 58
2011 10 15 05 01
2011 10 15 07 35
2011 10 15 08 55
2011 10 15 10 46
2011 10 15 12 37
2011 10 15 19 38
2011 10 15 20 45
2011 10 16 10 27
2011 10 16 12 54
2011 10 16 15 01
2011 10 16 16 28
2011 10 16 22 21
2011 10 17 01 08
2011 10 17 03 48
2011 10 17 16 04
2011 10 17 16 34
2011 10 18 00 03
2011 10 18 07 56
2011 10 18 14 35
2011 10 18 18 15
2011 10 18 18 40
2011 10 18 21 25
2011 10 19 00 48
2011 10 19 05 21
2011 10 19 08 28
2011 10 19 09 39
2011 10 19 11 37
2011 10 19 12 06
2011 10 19 16 09
2011 10 19 18 33
2011 10 20 09 58
2011 10 20 12 07
2011 10 20 13 49
2011 10 20 15 34
2011 10 20 16 49
2011 10 20 20 43
2011 10 20 21 03
2011 10 21 07 45
2011 10 21 10 06
2011 10 21 10 18
2011 10 21 15 34
2011 10 22 03 53
2011 10 22 04 51
2011 10 22 05 36
2011 10 22 06 34
2011 10 22 08 47
2011 10 22 09 13
2011 10 22 10 18
2011 10 22 11 23
2011 10 23 01 21
2011 10 23 03 06
2011 10 23 05 07
2011 10 23 11 04
2011 10 23 20 49
2011 10 24 00 15
2011 10 24 07 06
2011 10 24 10 25
2011 10 24 13 25
2011 10 25 02 57
2011 10 25 06 26
2011 10 25 10 32
2011 10 25 15 11
2011 10 25 17 56
2011 10 25 20 08
2011 10 26 00 04
2011 10 26 06 58
2011 10 26 13 40
2011 10 26 16 05
2011 10 26 19 40
2011 10 26 22 29
2011 10 27 06 59
2011 10 27 07 34
2011 10 28 06 20
2011 10 28 06 47
2011 10 28 07 20
2011 10 28 07 37
2011 10 28 10 49
2011 11 01 02 23
2011 11 01 03 43
2011 11 01 04 42
2011 11 01 05 19
2011 11 01 13 54
2011 11 01 17 02
2011 11 01 18 28
2011 11 01 20 27
2011 11 01 23 14
2011 11 02 06 56
2011 11 02 07 53
2011 11 02 14 11
2011 11 02 20 20
2011 11 02 23 10
2011 11 03 11 17
2011 11 03 16 27
2011 11 03 20 15
2011 11 03 21 29
2011 11 04 07 09
2011 11 04 11 46
2011 11 04 12 46
2011 11 04 13 34
2011 11 04 15 12
2011 11 04 19 58
2011 11 05 00 02
2011 11 05 02 49
2011 11 05 10 37
2011 11 05 13 08
2011 11 05 13 21
2011 11 05 15 01
2011 11 05 19 12
2011 11 05 19 23
2011 11 05 20 05
2011 11 06 00 41
2011 11 06 03 10
2011 11 06 11 51
2011 11 06 14 10
2011 11 06 21 02
2011 11 06 22 36
2011 11 07 00 43
2011 11 07 02 19
2011 11 07 07 37
2011 11 07 13 09
2011 11 07 16 52
2011 11 07 21 18
2011 11 07 22 51
2011 11 07 23 18
2011 11 08 13 07
2011 11 08 16 20
2011 11 08 17 05
2011 11 08 18 19
2011 11 09 06 30
2011 11 09 14 33
2011 11 09 16 59
2011 11 09 17 02
2011 11 09 17 06
2011 11 09 20 51
2011 11 09 22 34
2011 11 10 01 33
2011 11 10 08 41
2011 11 10 12 03
2011 11 10 12 26
2011 11 11 00 17
2011 11 11 03 56
2011 11 11 19 07
2011 11 11 21 54
2011 11 12 04 31
2011 11 12 08 50
2011 11 12 18 14
2011 11 12 19 06
2011 11 12 20 29
2011 11 12 21 17
2011 11 13 00 51
2011 11 13 05 57
2011 11 13 17 46
2011 11 13 18 28
2011 11 14 02 34
2011 11 14 11 55
2011 11 14 12 49
2011 11 14 14 54
2011 11 14 15 05
2011 11 14 22 57
2011 11 15 01 48
2011 11 15 03 37
2011 11 15 04 23
2011 11 15 04 46
2011 11 15 07 35
2011 11 15 11 29
2011 11 15 16 35
2011 11 15 23 51
2011 11 16 05 00
2011 11 16 13 04
2011 11 16 15 57
2011 11 16 20 15
2011 11 16 23 38
2011 11 17 01 14
2011 11 17 03 02
2011 11 17 04 27
2011 11 17 07 45
2011 11 17 08 33
2011 11 17 10 09
2011 11 17 12 00
2011 11 17 12 06
2011 11 17 12 44
2011 11 17 17 09
2011 11 17 18 00
2011 11 17 19 21
2011 11 17 20 37
2011 11 17 23 44
2011 11 18 02 00
2011 11 18 03 43
2011 11 18 06 30
2011 11 18 16 31
2011 11 19 11 30
2011 11 19 12 36
2011 11 19 17 59
2011 11 19 22 13
2011 11 20 03 48
2011 11 20 04 36
2011 11 20 10 17
2011 11 20 14 31
2011 11 20 21 17
2011 11 20 23 09
2011 11 21 01 53
2011 11 21 06 40
2011 11 21 13 19
2011 11 21 13 50
2011 11 21 15 27
2011 11 21 23 24
2011 11 22 03 53
2011 11 22 04 20
2011 11 22 06 25
2011 11 22 08 34
2011 11 22 11 58
2011 11 22 20 35
2011 11 22 21 32
2011 11 22 21 38
2011 11 23 01 58
2011 11 23 13 07
2011 11 23 13 38
2011 11 23 16 37
2011 11 23 21 47
2011 11 24 14 32
2011 11 24 20 09
2011 11 24 20 37
2011 11 24 21 03
2011 11 24 22 36
2011 11 24 23 45
2011 11 25 01 41
2011 11 25 10 01
2011 11 25 19 46
2011 11 25 19 47
2011 11 26 07 06
2011 11 26 10 04
2011 11 26 11 00
2011 11 26 14 53
2011 11 26 23 22
2011 11 27 01 01
2011 11 27 02 58
2011 11 27 09 32
2011 11 27 14 37
2011 11 27 14 48
2011 11 27 17 28
2011 11 27 21 30
2011 11 27 22 04
2011 11 28 00 00
2011 11 28 01 25
2011 11 28 02 35
2011 11 28 15 18
2011 11 28 15 24
2011 11 28 15 36
2011 11 28 20 09
2011 12 01 01 13
2011 12 01 03 53
2011 12 01 06 53
2011 12 01 09 12
2011 12 01 09 47
2011 12 01 15 43
2011 12 01 18 40
2011 12 02 02 07
2011 12 02 03 32
2011 12 02 11 10
2011 12 02 17 51
2011 12 02 19 58
2011 12 02 23 31
2011 12 03 06 26
2011 12 03 07 33
2011 12 03 09 02
2011 12 03 16 53
2011 12 03 17 57
2011 12 04 00 10
2011 12 04 06 03
2011 12 04 09 57
2011 12 04 10 26
2011 12 04 14 02
2011 12 04 15 10
2011 12 04 19 43
2011 12 04 23 03
2011 12 05 05 28
2011 12 05 10 48
2011 12 05 13 39
2011 12 05 13 47
2011 12 05 14 57
2011 12 06 02 40
2011 12 06 03 28
2011 12 06 12 49
2011 12 06 20 24
2011 12 06 21 09
2011 12 06 22 54
2011 12 07 06 17
2011 12 07 10 00
2011 12 07 11 02
2011 12 07 14 43
2011 12 07 17 06
2011 12 08 02 25
2011 12 08 02 27
2011 12 08 06 09
2011 12 08 08 21
2011 12 08 15 37
2011 12 08 18 43
2011 12 08 20 13
2011 12 08 20 44
2011 12 08 20 49
2011 12 09 06 25
2011 12 09 22 14
2011 12 10 03 55
2011 12 10 11 08
2011 12 10 12 28
2011 12 10 17 22
2011 12 11 02 42
2011 12 11 13 50
2011 12 11 17 52
2011 12 11 23 05
2011 12 11 23 58
2011 12 12 00 05
2011 12 12 03 55
2011 12 12 05 14
2011 12 12 11 32
2011 12 12 12 54
2011 12 12 16 54
2011 12 12 17 32
2011 12 12 19 10
2011 12 12 20 26
2011 12 13 09 01
2011 12 13 10 44
2011 12 13 12 23
2011 12 13 13 00
2011 12 13 14 46
2011 12 13 14 52
2011 12 13 20 24
2011 12 13 22 49
2011 12 14 02 52
2011 12 14 03 35
2011 12 14 08 45
2011 12 14 09 01
2011 12 14 13 11
2011 12 14 14 23
2011 12 14 21 54
2011 12 14 23 44
2011 12 15 00 02
2011 12 15 01 06
2011 12 15 09 36
2011 12 15 15 39
2011 12 16 02 10
2011 12 16 14 17
2011 12 16 15 34
2011 12 16 22 28
2011 12 17 00 31
2011 12 17 04 37
2011 12 17 04 50
2011 12 17 08 37
2011 12 17 09 40
2011 12 17 10 16
2011 12 17 14 24
2011 12 17 17 54
2011 12 17 18 24
2011 12 18 04 32
2011 12 18 17 36
2011 12 18 21 02
2011 12 19 03 06
2011 12 19 08 27
2011 12 19 11 38
2011 12 19 16 07
2011 12 19 16 57
2011 12 19 17 09
2011 12 19 18 03
2011 12 20 01 20
2011 12 20 05 13
2011 12 20 16 07
2011 12 20 16 40
2011 12 20 18 09
2011 12 20 19 17
2011 12 21 05 18
2011 12 21 13 10
2011 12 21 13 39
2011 12 21 16 29
2011 12 21 20 25
2011 12 21 23 02
2011 12 22 08 19
2011 12 22 17 39
2011 12 22 20 51
2011 12 22 22 52
2011 12 23 00 12
2011 12 23 03 34
2011 12 23 04 32
2011 12 23 16 00
2011 12 23 22 51
2011 12 24 00 12
2011 12 24 01 25
2011 12 24 06 32
2011 12 24 19 43
2011 12 24 22 05
2011 12 24 22 12
2011 12 25 07 21
2011 12 25 08 26
2011 12 25 13 41
2011 12 25 18 58
2011 12 25 20 46
2011 12 25 20 50
2011 12 26 00 51
2011 12 26 05 26
2011 12 26 11 37
2011 12 26 18 13
2011 12 27 03 44
2011 12 27 07 05
2011 12 27 08 50
2011 12 27 21 22
2011 12 27 21 31
2011 12 27 21 58
2011 12 28 01 07
2011 12 28 01 20
2011 12 28 04 06
2011 12 28 14 46
2011 12 28 18 14
2011 12 28 23 56
